20170420075904999,3,0.471970,0.122040,-0.117752,
20170420075905001,3,0.471970,0.122040,-0.117752,
20170420075905005,3,0.471970,0.122040,-0.117752,
20170420075905009,3,0.055344,0.004761,-0.018799,
20170420075905015,3,0.038239,0.009644,-0.011459,
20170420075905027,3,0.017471,0.012085,-0.005371,
20170420075905034,3,0.002823,-0.001358,-0.007813,
20170420075905039,3,-0.006958,-0.013550,-0.009018,
20170420075905047,3,-0.016739,-0.011108,-0.010254,
20170420075905049,3,-0.024063,-0.001358,-0.007813,
20170420075905059,3,-0.035065,-0.008682,-0.006577,
20170420075905063,3,-0.033829,-0.017227,-0.002930,
20170420075905077,3,-0.020386,-0.005005,-0.002930,
20170420075905081,3,-0.027740,0.001083,0.004410,
20170420075905083,3,-0.047256,-0.013550,0.008072,
20170420075905087,3,-0.032623,-0.018433,0.003189,
20170420075905089,3,0.002823,0.007202,-0.004135,
20170420075905093,3,0.024811,0.010880,-0.007813,
20170420075905100,3,0.029694,0.010880,-0.010254,
20170420075905105,3,0.029694,0.008423,-0.012695,
20170420075905109,3,0.022354,-0.002563,-0.010254,
20170420075905113,3,0.012589,-0.007446,-0.006577,
20170420075905117,3,0.010147,0.001083,-0.004135,
20170420075905121,3,0.002823,0.005966,-0.002930,
20170420075905123,3,-0.013062,0.003525,0.003189,
20170420075905128,3,-0.028946,-0.012344,0.004410,
20170420075905131,3,-0.033829,-0.024551,0.003189,
20170420075905137,3,-0.025284,-0.017227,0.001968,
20170420075905146,3,-0.005737,-0.012344,-0.000473,
20170420075905167,3,0.004028,-0.000122,-0.005371,
20170420075905193,3,0.002823,0.012085,-0.007813,
20170420075905214,3,-0.015503,0.016968,0.000748,
20170420075905237,3,-0.031387,0.018204,0.003189,
20170420075905240,3,-0.008179,0.013321,0.006851,
20170420075905244,3,0.007706,0.014526,0.001968,
20170420075905250,3,-0.002060,0.024307,0.000748,
20170420075905255,3,-0.003296,0.009644,-0.004135,
20170420075905262,3,-0.000854,0.003525,-0.010254,
20170420075905267,3,-0.002060,0.005966,-0.012695,
20170420075905271,3,0.007706,-0.005005,-0.012695,
20170420075905274,3,0.016251,-0.009903,-0.011459,
20170420075905281,3,0.016251,-0.013550,-0.006577,
20170420075905286,3,0.012589,-0.014786,-0.004135,
20170420075905296,3,0.002823,-0.012344,-0.006577,
20170420075905302,3,-0.003296,-0.017227,-0.005371,
20170420075905305,3,-0.015503,-0.022110,-0.004135,
20170420075905328,3,-0.006958,-0.019669,0.000748,
20170420075905348,3,-0.003296,-0.014786,0.001968,
20170420075905364,3,-0.020386,-0.011108,0.008072,
20170420075905383,3,-0.026505,-0.001358,0.003189,
20170420075905403,3,-0.019180,0.003525,-0.005371,
20170420075905423,3,-0.024063,0.016968,-0.009018,
20170420075905442,3,-0.025284,0.027969,-0.009018,
20170420075905464,3,-0.019180,0.025528,-0.005371,
20170420075905487,3,-0.028946,0.036530,-0.002930,
20170420075905503,3,-0.043610,0.036530,0.001968,
20170420075905522,3,-0.063141,0.040176,0.010513,
20170420075905540,3,-0.069260,0.041412,0.014191,
20170420075905562,3,-0.052139,0.042633,0.011749,
20170420075905591,3,-0.025284,0.021851,0.005630,
20170420075905602,3,-0.014297,0.008423,0.001968,
20170420075905626,3,-0.005737,0.016968,-0.001694,
20170420075905640,3,0.012589,0.025528,-0.012695,
20170420075905662,3,0.027252,0.036530,-0.016357,
20170420075905679,3,0.021149,0.035294,-0.015137,
20170420075905698,3,0.004028,0.021851,-0.010254,
20170420075905718,3,0.012589,0.013321,-0.002930,
20170420075905737,3,0.019913,0.019409,-0.000473,
20170420075905757,3,0.019913,0.029190,-0.002930,
20170420075905777,3,0.012589,0.023087,-0.005371,
20170420075905797,3,-0.004517,0.010880,-0.009018,
20170420075905820,3,-0.035065,0.012085,-0.010254,
20170420075905838,3,-0.053375,0.030411,-0.009018,
20170420075905863,3,-0.057022,0.041412,-0.009018,
20170420075905877,3,-0.039948,0.031647,-0.007813,
20170420075905903,3,-0.021622,0.025528,-0.006577,
20170420075905921,3,-0.015503,0.025528,-0.002930,
20170420075905937,3,0.000381,-0.006241,-0.005371,
20170420075905962,3,0.001587,-0.026993,-0.000473,
20170420075905975,3,-0.011856,-0.029434,0.003189,
20170420075905993,3,-0.021622,-0.024551,-0.000473,
20170420075906013,3,-0.031387,-0.007446,0.001968,
20170420075906034,3,-0.026505,0.004761,0.000748,
20170420075906054,3,-0.010620,-0.000122,-0.002930,
20170420075906074,3,-0.014297,0.007202,-0.005371,
20170420075906093,3,-0.032623,0.020645,-0.002930,
20170420075906116,3,-0.035065,0.012085,0.001968,
20170420075906135,3,-0.027740,0.007202,0.003189,
20170420075906152,3,-0.005737,-0.003799,0.001968,
20170420075906181,3,0.013809,-0.007446,0.003189,
20170420075906190,3,0.017471,-0.002563,0.006851,
20170420075906210,3,0.024811,-0.007446,0.011749,
20170420075906229,3,0.023590,-0.011108,0.015411,
20170420075906249,3,0.023590,-0.012344,0.019073,
20170420075906268,3,0.030914,-0.023315,0.022736,
20170420075906289,3,0.050461,-0.019669,0.026398,
20170420075906308,3,0.061462,-0.007446,0.033737,
20170420075906327,3,0.054123,0.009644,0.042282,
20170420075906368,3,0.035797,0.014526,0.044724,
20170420075906391,3,0.028473,0.014526,0.047165,
20170420075906401,3,0.039474,0.019409,0.053284,
20170420075906410,3,0.052902,0.015762,0.059387,
20170420075906449,3,0.067566,-0.005005,0.061829,
20170420075906452,3,0.089554,-0.022110,0.063049,
20170420075906466,3,0.099319,-0.019669,0.065491,
20170420075906486,3,0.101776,-0.011108,0.066711,
20170420075906511,3,0.110321,-0.012344,0.065491,
20170420075906528,3,0.112762,-0.012344,0.066711,
20170420075906547,3,0.110321,-0.009903,0.064270,
20170420075906566,3,0.100555,0.001083,0.066711,
20170420075906583,3,0.076111,0.005966,0.071610,
20170420075906603,3,0.054123,0.012085,0.075272,
20170420075906623,3,0.048019,0.008423,0.069153,
20170420075906644,3,0.073669,0.005966,0.063049,
20170420075906664,3,0.096878,0.010880,0.060608,
20170420075906681,3,0.107880,0.003525,0.059387,
20170420075906701,3,0.121323,-0.009903,0.056946,
20170420075906721,3,0.145767,-0.017227,0.053284,
20170420075906740,3,0.156738,-0.012344,0.052063,
20170420075906760,3,0.159180,0.001083,0.049622,
20170420075906780,3,0.155533,0.008423,0.047165,
20170420075906801,3,0.138412,-0.006241,0.044724,
20170420075906820,3,0.117645,-0.000122,0.041061,
20170420075906839,3,0.122543,-0.000122,0.034958,
20170420075906861,3,0.112762,-0.026993,0.032516,
20170420075906880,3,0.101776,-0.035553,0.037399,
20170420075906899,3,0.121323,-0.020874,0.031281,
20170420075906921,3,0.135971,-0.011108,0.034958,
20170420075906937,3,0.127441,-0.015991,0.041061,
20170420075906959,3,0.124985,-0.022110,0.031281,
20170420075906977,3,0.134766,-0.024551,0.021515,
20170420075906996,3,0.142090,-0.013550,0.015411,
20170420075907020,3,0.134766,0.012085,0.016632,
20170420075907036,3,0.107880,0.031647,0.021515,
20170420075907059,3,0.078552,0.031647,0.021515,
20170420075907075,3,0.083450,0.030411,0.015411,
20170420075907095,3,0.091995,0.046295,-0.007813,
20170420075907115,3,0.068787,0.054855,-0.021255,
20170420075907137,3,0.023590,0.067062,-0.005371,
20170420075907158,3,0.005264,0.054855,0.005630,
20170420075907176,3,0.026031,0.037735,-0.007813,
20170420075907198,3,0.026031,0.029190,-0.007813,
20170420075907215,3,-0.005737,0.018204,0.008072,
20170420075907234,3,-0.024063,-0.008682,0.014191,
20170420075907252,3,-0.011856,-0.019669,0.010513,
20170420075907273,3,-0.002060,-0.015991,0.003189,
20170420075907292,3,0.012589,-0.005005,0.003189,
20170420075907315,3,0.028473,-0.009903,0.005630,
20170420075907331,3,0.028473,-0.026993,0.000748,
20170420075907351,3,0.024811,-0.025757,0.001968,
20170420075907377,3,0.023590,-0.005005,0.003189,
20170420075907392,3,0.024811,0.008423,0.003189,
20170420075907410,3,0.048019,0.009644,0.000748,
20170420075907442,3,0.070007,-0.001358,-0.001694,
20170420075907454,3,0.074890,0.003525,-0.000473,
20170420075907469,3,0.068787,0.004761,0.008072,
20170420075907490,3,0.062683,-0.012344,0.017853,
20170420075907508,3,0.068787,-0.018433,0.017853,
20170420075907528,3,0.061462,-0.003799,0.014191,
20170420075907549,3,0.056564,-0.022110,0.009308,
20170420075907568,3,0.050461,-0.050201,0.011749,
20170420075907589,3,0.052902,-0.037994,0.014191,
20170420075907607,3,0.079788,-0.017227,0.015411,
20170420075907629,3,0.122543,-0.007446,0.016632,
20170420075907646,3,0.177536,0.007202,0.010513,
20170420075907668,3,0.203186,0.015762,0.006851,
20170420075907688,3,0.179977,0.023087,0.006851,
20170420075907707,3,0.157974,0.031647,0.008072,
20170420075907724,3,0.184860,0.036530,0.016632,
20170420075907744,3,0.210510,0.027969,0.020294,
20170420075907766,3,0.212952,0.023087,0.014191,
20170420075907789,3,0.209274,0.036530,0.020294,
20170420075907804,3,0.205627,0.025528,0.033737,
20170420075907827,3,0.181183,0.003525,0.037399,
20170420075907847,3,0.157974,0.001083,0.041061,
20170420075907862,3,0.140854,0.003525,0.038620,
20170420075907882,3,0.121323,0.012085,0.041061,
20170420075907901,3,0.098114,0.020645,0.049622,
20170420075907927,3,0.057785,0.019409,0.052063,
20170420075907944,3,0.018707,0.014526,0.053284,
20170420075907963,3,-0.008179,-0.000122,0.045944,
20170420075907988,3,-0.020386,-0.022110,0.037399,
20170420075908008,3,-0.013062,-0.040436,0.021515,
20170420075908021,3,0.013809,-0.026993,0.005630,
20170420075908039,3,0.045578,-0.011108,-0.007813,
20170420075908059,3,0.060242,-0.017227,-0.024902,
20170420075908090,3,0.067566,-0.022110,-0.042023,
20170420075908098,3,0.052902,0.002319,-0.046906,
20170420075908123,3,0.015030,0.029190,-0.045670,
20170420075908138,3,-0.017944,0.040176,-0.049347,
20170420075908158,3,-0.048492,0.032852,-0.059097,
20170420075908178,3,-0.092468,0.021851,-0.067657,
20170420075908201,3,-0.144989,0.015762,-0.077423,
20170420075908219,3,-0.182877,0.020645,-0.082306,
20170420075908244,3,-0.204849,0.018204,-0.081100,
20170420075908260,3,-0.198761,0.003525,-0.085983,
20170420075908276,3,-0.196320,0.002319,-0.089645,
20170420075908296,3,-0.201202,-0.000122,-0.094543,
20170420075908315,3,-0.206085,0.005966,-0.094543,
20170420075908335,3,-0.217087,0.012085,-0.099426,
20170420075908361,3,-0.228058,0.024307,-0.098190,
20170420075908378,3,-0.242737,0.029190,-0.099426,
20170420075908396,3,-0.258621,0.014526,-0.098190,
20170420075908414,3,-0.273270,0.001083,-0.099426,
20170420075908434,3,-0.264740,-0.007446,-0.105530,
20170420075908460,3,-0.259827,-0.005005,-0.112854,
20170420075908472,3,-0.275711,0.002319,-0.117752,
20170420075908493,3,-0.296478,0.003525,-0.112854,
20170420075908515,3,-0.309921,0.008423,-0.112854,
20170420075908532,3,-0.289154,-0.005005,-0.117752,
20170420075908552,3,-0.265945,-0.014786,-0.125076,
20170420075908570,3,-0.269623,-0.023315,-0.132401,
20170420075908591,3,-0.275711,-0.025757,-0.136078,
20170420075908612,3,-0.294037,-0.025757,-0.133621,
20170420075908630,3,-0.312363,-0.020874,-0.129959,
20170420075908657,3,-0.316040,-0.033112,-0.131180,
20170420075908670,3,-0.295273,-0.045319,-0.138519,
20170420075908694,3,-0.267181,-0.052643,-0.147064,
20170420075908711,3,-0.252502,-0.046539,-0.153168,
20170420075908730,3,-0.256180,-0.035553,-0.156845,
20170420075908749,3,-0.267181,-0.029434,-0.154388,
20170420075908767,3,-0.281830,-0.031876,-0.151947,
20170420075908794,3,-0.302597,-0.026993,-0.149506,
20170420075908832,3,-0.303833,-0.023315,-0.144623,
20170420075908838,3,-0.286713,-0.029434,-0.148285,
20170420075908846,3,-0.281830,-0.024551,-0.148285,
20170420075908866,3,-0.285507,-0.015991,-0.147064,
20170420075908893,3,-0.284271,-0.014786,-0.143402,
20170420075908905,3,-0.272064,-0.014786,-0.142181,
20170420075908926,3,-0.247620,-0.014786,-0.138519,
20170420075908945,3,-0.226852,-0.018433,-0.136078,
20170420075908965,3,-0.223175,-0.030670,-0.136078,
20170420075908988,3,-0.219528,-0.020874,-0.128738,
20170420075909005,3,-0.213409,-0.003799,-0.118958,
20170420075909024,3,-0.221970,-0.006241,-0.114075,
20170420075909046,3,-0.240295,-0.000122,-0.107971,
20170420075909064,3,-0.245178,0.013321,-0.104309,
20170420075909086,3,-0.226852,0.035294,-0.103073,
20170420075909106,3,-0.198761,0.045074,-0.105530,
20170420075909125,3,-0.186523,0.016968,-0.112854,
20170420075909146,3,-0.188980,-0.002563,-0.118958,
20170420075909174,3,-0.202408,0.002319,-0.116516,
20170420075909181,3,-0.204849,-0.003799,-0.115311,
20170420075909200,3,-0.199966,-0.000122,-0.109192,
20170420075909226,3,-0.197525,0.015762,-0.105530,
20170420075909239,3,-0.180435,0.002319,-0.104309,
20170420075909259,3,-0.168213,-0.009903,-0.103073,
20170420075909279,3,-0.171875,-0.011108,-0.106750,
20170420075909300,3,-0.174316,-0.022110,-0.111633,
20170420075909324,3,-0.171875,-0.046539,-0.110413,
20170420075909338,3,-0.149887,-0.046539,-0.101868,
20170420075909366,3,-0.104675,-0.026993,-0.095749,
20170420075909385,3,-0.077805,-0.028214,-0.093307,
20170420075909402,3,-0.096130,-0.029434,-0.092087,
20170420075909418,3,-0.119339,-0.030670,-0.087204,
20170420075909436,3,-0.118118,-0.025757,-0.083542,
20170420075909459,3,-0.092468,-0.026993,-0.077423,
20170420075909477,3,-0.076584,-0.028214,-0.067657,
20170420075909498,3,-0.074142,-0.022110,-0.057892,
20170420075909530,3,-0.081467,-0.015991,-0.050552,
20170420075909534,3,-0.070465,-0.008682,-0.048111,
20170420075909559,3,-0.058258,0.001083,-0.045670,
20170420075909573,3,-0.044815,0.002319,-0.042023,
20170420075909595,3,-0.016739,-0.009903,-0.038345,
20170420075909627,3,0.007706,-0.019669,-0.028580,
20170420075909635,3,0.016251,-0.009903,-0.012695,
20170420075909658,3,0.018707,-0.007446,0.001968,
20170420075909673,3,0.021149,-0.002563,0.012955,
20170420075909693,3,0.023590,0.002319,0.019073,
20170420075909732,3,0.028473,0.005966,0.022736,
20170420075909740,3,0.052902,0.018204,0.022736,
20170420075909758,3,0.087112,0.020645,0.027618,
20170420075909771,3,0.104218,0.018204,0.037399,
20170420075909791,3,0.109116,0.009644,0.052063,
20170420075909815,3,0.121323,0.012085,0.067947,
20170420075909829,3,0.129883,0.018204,0.082596,
20170420075909850,3,0.142090,0.014526,0.091156,
20170420075909870,3,0.145767,0.016968,0.093597,
20170420075909896,3,0.156738,0.034088,0.099716,
20170420075909909,3,0.176300,0.038971,0.110687,
20170420075909931,3,0.200745,0.032852,0.121689,
20170420075909948,3,0.203186,0.020645,0.129013,
20170420075909967,3,0.211731,-0.001358,0.127808,
20170420075909993,3,0.241043,-0.008682,0.122925,
20170420075910009,3,0.277695,-0.013550,0.122925,
20170420075910027,3,0.294800,-0.015991,0.126572,
20170420075910049,3,0.302139,-0.000122,0.131454,
20170420075910066,3,0.293579,0.012085,0.132690,
20170420075910088,3,0.272812,0.009644,0.132690,
20170420075910107,3,0.266708,0.003525,0.126572,
20170420075910127,3,0.287476,0.001083,0.118042,
20170420075910147,3,0.296036,0.005966,0.119247,
20170420075910168,3,0.283813,0.009644,0.127808,
20170420075910188,3,0.260605,0.003525,0.126572,
20170420075910207,3,0.255722,0.004761,0.118042,
20170420075910226,3,0.261826,0.009644,0.115585,
20170420075910243,3,0.266708,0.020645,0.116806,
20170420075910265,3,0.265488,0.026749,0.115585,
20170420075910282,3,0.267929,0.025528,0.113144,
20170420075910303,3,0.256927,0.037735,0.116806,
20170420075910325,3,0.245941,0.032852,0.119247,
20170420075910343,3,0.244720,0.025528,0.116806,
20170420075910362,3,0.255722,0.030411,0.116806,
20170420075910390,3,0.271591,0.027969,0.120483,
20170420075910402,3,0.277695,0.012085,0.120483,
20170420075910427,3,0.276489,0.002319,0.119247,
20170420075910442,3,0.272812,0.031647,0.122925,
20170420075910459,3,0.260605,0.032852,0.124130,
20170420075910479,3,0.242279,0.027969,0.118042,
20170420075910500,3,0.187302,0.031647,0.119247,
20170420075910532,3,0.138412,0.038971,0.115585,
20170420075910544,3,0.122543,0.062180,0.108246,
20170420075910564,3,0.116440,0.078064,0.098480,
20170420075910577,3,0.106659,0.087830,0.088715,
20170420075910598,3,0.090775,0.076843,0.076492,
20170420075910618,3,0.078552,0.030411,0.061829,
20170420075910636,3,0.068787,-0.007446,0.064270,
20170420075910660,3,0.074890,-0.009903,0.087479,
20170420075910676,3,0.100555,-0.003799,0.113144,
20170420075910696,3,0.140854,-0.020874,0.122925,
20170420075910728,3,0.168976,-0.039200,0.140015,
20170420075910739,3,0.148209,-0.056320,0.169342,
20170420075910761,3,0.068787,-0.036758,0.218201,
20170420075910777,3,-0.010620,-0.023315,0.271973,
20170420075910796,3,-0.047256,-0.029434,0.323288,
20170420075910817,3,-0.080246,-0.057526,0.358704,
20170420075910837,3,-0.104675,-0.096634,0.381912,
20170420075910857,3,-0.101013,-0.122284,0.397797,
20170420075910877,3,-0.108353,-0.105179,0.422241,
20170420075910893,3,-0.108353,-0.072205,0.480881,
20170420075910913,3,-0.075348,0.007202,0.566406,
20170420075910932,3,-0.046051,0.032852,0.573730,
20170420075910962,3,-0.048492,0.038971,0.552963,
20170420075910971,3,-0.058258,0.015762,0.521194,
20170420075910993,3,-0.041153,-0.026993,0.458893,
20170420075911013,3,0.001587,-0.007446,0.383148,
20170420075911030,3,0.012589,0.029190,0.319611,
20170420075911060,3,-0.017944,0.012085,0.286636,
20170420075911069,3,-0.019180,-0.006241,0.265854,
20170420075911089,3,0.052902,-0.005005,0.223099,
20170420075911113,3,0.142090,-0.056320,0.110687,
20170420075911131,3,0.194626,-0.084412,-0.016357,
20170420075911152,3,0.238602,-0.121063,-0.111633,
20170420075911171,3,0.271591,-0.169937,-0.171494,
20170420075911210,3,0.247162,-0.199265,-0.263138,
20170420075911213,3,0.193390,-0.173584,-0.316879,
20170420075911227,3,0.177536,-0.167496,-0.382858,
20170420075911246,3,0.200745,-0.226120,-0.443939,
20170420075911267,3,0.190948,-0.276215,-0.456162,
20170420075911294,3,0.155533,-0.257889,-0.448822,
20170420075911308,3,0.160416,-0.224915,-0.467148,
20170420075911326,3,0.243484,-0.191910,-0.461060,
20170420075911345,3,0.332687,-0.161377,-0.454941,
20170420075911371,3,0.369339,-0.187027,-0.458603,
20170420075911390,3,0.380325,-0.229797,-0.463501,
20170420075911407,3,0.388870,-0.222473,-0.464706,
20170420075911432,3,0.423080,-0.168701,-0.456162,
20170420075911443,3,0.467072,-0.124725,-0.450058,
20170420075911464,3,0.449966,-0.108841,-0.443939,
20170420075911482,3,0.366898,-0.114960,-0.434174,
20170420075911502,3,0.267929,-0.145493,-0.440277,
20170420075911524,3,0.187302,-0.141830,-0.447617,
20170420075911546,3,0.124985,-0.088074,-0.434174,
20170420075911562,3,0.051682,-0.020874,-0.409729,
20170420075911591,3,-0.035065,0.009644,-0.404846,
20170420075911604,3,-0.130341,0.049957,-0.401184,
20170420075911630,3,-0.220734,0.060959,-0.401184,
20170420075911640,3,-0.296478,0.079285,-0.421951,
20170420075911659,3,-0.322159,0.117157,-0.440277,
20170420075911681,3,-0.328247,0.134262,-0.446381,
20170420075911700,3,-0.338028,0.119598,-0.439056,
20170420075911725,3,-0.372238,0.119598,-0.429291,
20170420075911738,3,-0.395447,0.123261,-0.423172,
20170420075911759,3,-0.382004,0.146469,-0.425613,
20170420075911778,3,-0.349030,0.113495,-0.430496,
20170420075911799,3,-0.320923,0.086609,-0.445175,
20170420075911822,3,-0.338028,0.092728,-0.450058,
20170420075911840,3,-0.382004,0.118378,-0.443939,
20170420075911860,3,-0.399109,0.129379,-0.435394,
20170420075911880,3,-0.363693,0.086609,-0.414627,
20170420075911895,3,-0.347809,0.075623,-0.377975,
20170420075911915,3,-0.374680,0.141586,-0.330322,
20170420075911934,3,-0.428436,0.194122,-0.288788,
20170420075911954,3,-0.461426,0.202682,-0.246017,
20170420075911978,3,-0.440659,0.189240,-0.219147,
20170420075911993,3,-0.416214,0.168472,-0.191040,
20170420075912015,3,-0.412552,0.161148,-0.166611,
20170420075912034,3,-0.401566,0.157471,-0.134842,
20170420075912057,3,-0.389343,0.156250,-0.106750,
20170420075912076,3,-0.390564,0.146469,-0.073776,
20170420075912093,3,-0.388123,0.104935,-0.032227,
20170420075912114,3,-0.390564,0.080505,0.014191,
20170420075912136,3,-0.401566,0.078064,0.048386,
20170420075912160,3,-0.411331,0.085388,0.078934,
20170420075912171,3,-0.408890,0.095169,0.122925,
20170420075912193,3,-0.400330,0.092728,0.170578,
20170420075912213,3,-0.407669,0.069504,0.205994,
20170420075912232,3,-0.424774,0.062180,0.246323,
20170420075912259,3,-0.417450,0.037735,0.274414,
20170420075912269,3,-0.400330,0.032852,0.274414,
20170420075912291,3,-0.388123,0.020645,0.273193,
20170420075912312,3,-0.369797,0.018204,0.274414,
20170420075912330,3,-0.361237,0.007202,0.287857,
20170420075912350,3,-0.347809,-0.037994,0.300064,
20170420075912370,3,-0.334366,-0.059967,0.307404,
20170420075912404,3,-0.309921,-0.040436,0.303726,
20170420075912426,3,-0.281830,-0.031876,0.290298,
20170420075912436,3,-0.272064,-0.033112,0.286636,
20170420075912449,3,-0.263504,-0.034317,0.286636,
20170420075912465,3,-0.262268,-0.072205,0.290298,
20170420075912490,3,-0.265945,-0.083191,0.304962,
20170420075912505,3,-0.232971,-0.091736,0.325729,
20170420075912526,3,-0.165756,-0.097855,0.342819,
20170420075912546,3,-0.116898,-0.171143,0.363586,
20170420075912567,3,-0.086349,-0.227356,0.384354,
20170420075912587,3,-0.059464,-0.223679,0.424683,
20170420075912604,3,-0.046051,-0.205353,0.461334,
20170420075912627,3,-0.038712,-0.209030,0.480881,
20170420075912645,3,-0.048492,-0.257889,0.467453,
20170420075912666,3,-0.064377,-0.294540,0.460114,
20170420075912691,3,-0.081467,-0.296982,0.463776,
20170420075912702,3,-0.092468,-0.267685,0.477219,
20170420075912727,3,-0.102234,-0.251801,0.485779,
20170420075912742,3,-0.121780,-0.237122,0.490662,
20170420075912761,3,-0.134003,-0.256683,0.497986,
20170420075912788,3,-0.105911,-0.268890,0.506546,
20170420075912804,3,-0.065582,-0.235916,0.506546,
20170420075912828,3,-0.057022,-0.172379,0.493103,
20170420075912843,3,-0.044815,-0.135727,0.469894,
20170420075912864,3,0.006470,-0.188263,0.435684,
20170420075912879,3,0.057785,-0.255447,0.401474,
20170420075912899,3,0.093231,-0.253006,0.377029,
20170420075912926,3,0.117645,-0.169937,0.340378,
20170420075912944,3,0.144531,-0.105179,0.295181,
20170420075912961,3,0.183624,-0.128387,0.243866,
20170420075912977,3,0.233719,-0.210236,0.207230,
20170420075912997,3,0.274033,-0.234680,0.196228,
20170420075913020,3,0.294800,-0.177261,0.179108,
20170420075913036,3,0.300919,-0.111282,0.144897,
20170420075913061,3,0.288696,-0.070969,0.109482,
20170420075913081,3,0.298477,-0.069748,0.076492,
20170420075913095,3,0.320465,-0.108841,0.053284,
20170420075913121,3,0.341232,-0.124725,0.028839,
20170420075913135,3,0.390106,-0.113739,0.008072,
20170420075913159,3,0.451202,-0.117401,-0.004135,
20170420075913175,3,0.495178,-0.128387,-0.006577,
20170420075913196,3,0.529373,-0.122284,-0.011459,
20170420075913225,3,0.548920,-0.107620,-0.024902,
20170420075913233,3,0.552597,-0.070969,-0.049347,
20170420075913257,3,0.534271,-0.041641,-0.067657,
20170420075913273,3,0.495178,-0.009903,-0.082306,
20170420075913294,3,0.443848,0.015762,-0.081100,
20170420075913313,3,0.405991,0.046295,-0.072540,
20170420075913332,3,0.393753,0.079285,-0.073776,
20170420075913358,3,0.360779,0.114716,-0.071320,
20170420075913385,3,0.303360,0.131821,-0.084747,
20170420075913395,3,0.275253,0.151352,-0.109192,
20170420075913409,3,0.280151,0.190445,-0.142181,
20170420075913429,3,0.256927,0.197800,-0.162949,
20170420075913458,3,0.216629,0.194122,-0.176392,
20170420075913469,3,0.184860,0.227097,-0.200821,
20170420075913490,3,0.187302,0.218567,-0.259460,
20170420075913509,3,0.205627,0.202682,-0.342545,
20170420075913532,3,0.216629,0.188004,-0.355972,
20170420075913557,3,0.211731,0.195358,-0.376755,
20170420075913570,3,0.226395,0.255219,-0.419510,
20170420075913592,3,0.270370,0.311401,-0.434174,
20170420075913608,3,0.292358,0.300415,-0.462265,
20170420075913626,3,0.269150,0.261307,-0.459824,
20170420075913651,3,0.215393,0.244217,-0.419510,
20170420075913666,3,0.170181,0.308960,-0.393860,
20170420075913692,3,0.177536,0.324844,-0.377975,
20170420075913706,3,0.173859,0.284531,-0.374298,
20170420075913730,3,0.120087,0.266205,-0.379196,
20170420075913747,3,0.078552,0.239334,-0.360870,
20170420075913767,3,0.076111,0.235657,-0.341324,
20170420075913791,3,0.067566,0.273544,-0.304672,
20170420075913803,3,0.049240,0.272308,-0.288788,
20170420075913824,3,0.033356,0.227097,-0.320557,
20170420075913843,3,0.010147,0.208771,-0.341324,
20170420075913865,3,-0.041153,0.137924,-0.359650,
20170420075913884,3,-0.099792,0.024307,-0.357208,
20170420075913903,3,-0.148666,-0.014786,-0.331558,
20170420075913929,3,-0.162094,-0.041641,-0.331558,
20170420075913945,3,-0.126678,-0.162613,-0.358429,
20170420075913963,3,-0.075348,-0.420395,-0.408508,
20170420075913991,3,-0.022827,-0.547440,-0.443939,
20170420075914000,3,0.070007,-0.498581,-0.440277,
20170420075914022,3,0.164093,-0.513229,-0.420731,
20170420075914042,3,0.230057,-0.592651,-0.396301,
20170420075914061,3,0.228836,-0.582870,-0.326660,
20170420075914081,3,0.175064,-0.607315,-0.270462,
20170420075914101,3,0.112762,-0.747803,-0.270462,
20170420075914122,3,0.101776,-0.866318,-0.329102,
20170420075914143,3,0.156738,-0.805222,-0.316879,
20170420075914158,3,0.188507,-0.639084,-0.215485,
20170420075914178,3,0.190948,-0.599976,-0.140961,
20170420075914197,3,0.197067,-0.672058,-0.094543,
20170420075914226,3,0.203186,-0.701386,-0.061539,
20170420075914238,3,0.215393,-0.590210,-0.032227,
20170420075914258,3,0.204391,-0.427719,0.020294,
20170420075914276,3,0.160416,-0.289658,0.104599,
20170420075914299,3,0.101776,-0.256683,0.182785,
20170420075914319,3,-0.019180,-0.285995,0.245087,
20170420075914336,3,-0.140106,-0.240799,0.292740,
20170420075914357,3,-0.197525,-0.162613,0.329391,
20170420075914392,3,-0.229294,-0.090515,0.374588,
20170420075914400,3,-0.268387,-0.095413,0.414917,
20170420075914414,3,-0.322159,-0.191910,0.466217,
20170420075914433,3,-0.351471,-0.288452,0.528534,
20170420075914454,3,-0.329483,-0.306763,0.576187,
20170420075914472,3,-0.302597,-0.218796,0.604279,
20170420075914492,3,-0.318481,-0.034317,0.607941,
20170420075914512,3,-0.369797,0.203888,0.595718,
20170420075914531,3,-0.383240,0.275986,0.567627,
20170420075914552,3,-0.323364,0.260101,0.537079,
20170420075914574,3,-0.257385,0.306519,0.506546,
20170420075914598,3,-0.240295,0.492233,0.539520,
20170420075914619,3,-0.251297,0.674271,0.589615,
20170420075914631,3,-0.316040,0.671829,0.599396,
20170420075914656,3,-0.430878,0.638824,0.615280,
20170420075914669,3,-0.502960,0.674271,0.616486,
20170420075914692,3,-0.488312,0.665710,0.533417,
20170420075914717,3,-0.469986,0.668152,0.497986,
20170420075914730,3,-0.487076,0.614395,0.495544,
20170420075914750,3,-0.532288,0.527649,0.478439,
20170420075914772,3,-0.565262,0.428696,0.450333,
20170420075914793,3,-0.534729,0.376160,0.412476,
20170420075914816,3,-0.430878,0.407928,0.381912,
20170420075914839,3,-0.367355,0.409134,0.331833,
20170420075914856,3,-0.369797,0.436020,0.313507,
20170420075914865,3,-0.358795,0.371277,0.282959,
20170420075914889,3,-0.331924,0.300415,0.238983,
20170420075914905,3,-0.280594,0.337067,0.231644,
20170420075914926,3,-0.221970,0.403046,0.227997,
20170420075914947,3,-0.184082,0.506882,0.218201,
20170420075914964,3,-0.154770,0.522766,0.190109,
20170420075914991,3,-0.121780,0.509323,0.166901,
20170420075915006,3,-0.088791,0.477554,0.111923,
20170420075915023,3,-0.011856,0.492233,0.058167,
20170420075915045,3,0.106659,0.506882,0.014191,
20170420075915065,3,0.162857,0.567978,0.001968,
20170420075915088,3,0.139648,0.718246,-0.017578,
20170420075915102,3,0.121323,0.825760,-0.043228,
20170420075915121,3,0.140854,0.804993,-0.065216,
20170420075915142,3,0.171417,0.877075,-0.104309,
20170420075915167,3,0.223953,0.939377,-0.129959,
20170420075915187,3,0.277695,0.842865,-0.161728,
20170420075915204,3,0.310684,0.706039,-0.186157,
20170420075915222,3,0.348572,0.693802,-0.188599,
20170420075915241,3,0.375427,0.734131,-0.186157,
20170420075915259,3,0.405991,0.719452,-0.189835,
20170420075915284,3,0.452408,0.597290,-0.197159,
20170420075915300,3,0.540375,0.322403,-0.220367,
20170420075915324,3,0.622238,0.102493,-0.252136,
20170420075915338,3,0.633209,0.091492,-0.271667,
20170420075915359,3,0.616119,0.142822,-0.266785,
20170420075915379,3,0.621002,0.058517,-0.275345,
20170420075915403,3,0.618561,-0.141830,-0.304672,
20170420075915437,3,0.588028,-0.327530,-0.307114,
20170420075915440,3,0.511047,-0.460693,-0.289993,
20170420075915457,3,0.443848,-0.487579,-0.291229,
20170420075915476,3,0.449966,-0.355637,-0.300995,
20170420075915495,3,0.479294,-0.333649,-0.308334,
20170420075915523,3,0.467072,-0.437485,-0.311996,
20170420075915537,3,0.402313,-0.513229,-0.304672,
20170420075915554,3,0.341232,-0.562103,-0.292465,
20170420075915579,3,0.311905,-0.536453,-0.269226,
20170420075915599,3,0.275253,-0.532791,-0.268021,
20170420075915623,3,0.249603,-0.442368,-0.260696,
20170420075915634,3,0.223953,-0.453369,-0.252136,
20170420075915656,3,0.220276,-0.521790,-0.258255,
20170420075915675,3,0.239838,-0.537674,-0.247253,
20170420075915692,3,0.275253,-0.477814,-0.239929,
20170420075915714,3,0.289917,-0.397171,-0.233810,
20170420075915734,3,0.249603,-0.375183,-0.220367,
20170420075915756,3,0.178741,-0.471695,-0.203262,
20170420075915772,3,0.161652,-0.560883,-0.199600,
20170420075915793,3,0.187302,-0.612198,-0.182495,
20170420075915816,3,0.211731,-0.557220,-0.161728,
20170420075915834,3,0.201950,-0.497345,-0.131180,
20170420075915850,3,0.140854,-0.516907,-0.105530,
20170420075915872,3,0.067566,-0.610977,-0.087204,
20170420075915896,3,0.023590,-0.686707,-0.081100,
20170420075915909,3,0.041916,-0.628082,-0.076218,
20170420075915933,3,0.079788,-0.530350,-0.044464,
20170420075915951,3,0.038239,-0.515671,-0.010254,
20170420075915971,3,-0.080246,-0.640289,0.009308,
20170420075915988,3,-0.169434,-0.736801,0.026398,
20170420075916007,3,-0.187759,-0.625641,0.044724,
20170420075916026,3,-0.160873,-0.461929,0.082596,
20170420075916048,3,-0.154770,-0.340973,0.141251,
20170420075916069,3,-0.199966,-0.417953,0.171783,
20170420075916091,3,-0.228058,-0.481461,0.179108,
20170420075916106,3,-0.214645,-0.455811,0.188904,
20170420075916127,3,-0.213409,-0.338531,0.201111,
20170420075916145,3,-0.278152,-0.221237,0.218201,
20170420075916167,3,-0.361237,-0.204147,0.238983,
20170420075916187,3,-0.419891,-0.265228,0.241425,
20170420075916203,3,-0.443100,-0.333649,0.247528,
20170420075916224,3,-0.443100,-0.338531,0.257309,
20170420075916246,3,-0.456543,-0.261566,0.263412,
20170420075916265,3,-0.499283,-0.150375,0.271973,
20170420075916283,3,-0.538406,-0.099075,0.265854,
20170420075916302,3,-0.576263,-0.099075,0.267090,
20170420075916322,3,-0.609253,-0.111282,0.279297,
20170420075916344,3,-0.619019,-0.066086,0.300064,
20170420075916362,3,-0.617798,0.031647,0.315949,
20170420075916382,3,-0.645905,0.080505,0.320847,
20170420075916401,3,-0.667892,0.111053,0.322052,
20170420075916457,3,-0.695999,0.156250,0.328171,
20170420075916470,3,-0.680115,0.178238,0.312286,
20170420075916478,3,-0.617798,0.250336,0.320847,
20170420075916488,3,-0.583588,0.302856,0.336716,
20170420075916498,3,-0.634903,0.261307,0.339172,
20170420075916520,3,-0.652008,0.222214,0.344055,
20170420075916537,3,-0.595810,0.199005,0.319611,
20170420075916562,3,-0.517609,0.238098,0.304962,
20170420075916578,3,-0.504196,0.289429,0.302505,
20170420075916599,3,-0.521286,0.268662,0.276855,
20170420075916620,3,-0.513962,0.210007,0.251205,
20170420075916637,3,-0.446762,0.190445,0.254868,
20170420075916656,3,-0.395447,0.250336,0.258530,
20170420075916677,3,-0.419891,0.267426,0.231644,
20170420075916697,3,-0.466309,0.242981,0.225555,
20170420075916720,3,-0.476074,0.228333,0.213318,
20170420075916737,3,-0.476074,0.225891,0.192551,
20170420075916755,3,-0.502960,0.229568,0.182785,
20170420075916774,3,-0.518845,0.253983,0.171783,
20170420075916795,3,-0.505402,0.269867,0.138809,
20170420075916851,3,-0.455307,0.308960,0.103363,
20170420075916857,3,-0.375900,0.354172,0.064270,
20170420075916863,3,-0.275711,0.356613,0.080154,
20170420075916872,3,-0.187759,0.302856,0.081375,
20170420075916893,3,-0.110794,0.268662,0.070389,
20170420075916912,3,-0.038712,0.277191,0.049622,
20170420075916932,3,0.050461,0.354172,0.037399,
20170420075916953,3,0.150650,0.415253,0.021515,
20170420075916976,3,0.261826,0.410370,0.026398,
20170420075916998,3,0.399872,0.334625,0.000748,
20170420075917023,3,0.525711,0.247894,-0.021255,
20170420075917030,3,0.632004,0.194122,-0.042023,
20170420075917052,3,0.717514,0.166031,-0.068863,
20170420075917071,3,0.829926,0.148911,-0.096985,
20170420075917094,3,0.970413,0.151352,-0.103073,
20170420075917122,3,1.069382,0.146469,-0.095749,
20170420075917137,3,1.082825,0.126938,-0.116516,
20170420075917161,3,1.075485,0.112259,-0.115311,
20170420075917170,3,1.082825,0.123261,-0.122635,
20170420075917187,3,1.092590,0.085388,-0.139740,
20170420075917207,3,1.088928,0.096390,-0.139740,
20170420075917232,3,1.079147,0.063400,-0.116516,
20170420075917270,3,1.033951,0.021851,-0.096985,
20170420075917275,3,0.930115,0.002319,-0.090866,
20170420075917286,3,0.847015,0.027969,-0.092087,
20170420075917304,3,0.847015,0.067062,-0.078659,
20170420075917327,3,0.869019,0.136703,-0.060333,
20170420075917347,3,0.873901,0.147705,-0.051788,
20170420075917365,3,0.858017,0.117157,-0.060333,
20170420075917390,3,0.843369,0.062180,-0.081100,
20170420075917403,3,0.820145,0.026749,-0.093307,
20170420075917425,3,0.798157,0.013321,-0.096985,
20170420075917443,3,0.782272,0.034088,-0.089645,
20170420075917462,3,0.788391,0.084167,-0.094543,
20170420075917483,3,0.820145,0.148911,-0.110413,
20170420075917510,3,0.814041,0.159912,-0.120193,
20170420075917521,3,0.716309,0.109818,-0.136078,
20170420075917545,3,0.606354,0.063400,-0.169052,
20170420075917561,3,0.520828,0.067062,-0.194717,
20170420075917583,3,0.479294,0.103714,-0.211807,
20170420075917600,3,0.446289,0.157471,-0.208160,
20170420075917623,3,0.358337,0.223450,-0.204483,
20170420075917642,3,0.216629,0.267426,-0.209366,
20170420075917661,3,0.084671,0.274750,-0.210602,
20170420075917682,3,0.006470,0.293076,-0.214249,
20170420075917700,3,-0.064377,0.372498,-0.214249,
20170420075917722,3,-0.138886,0.487350,-0.213043,
20170420075917740,3,-0.196320,0.530090,-0.213043,
20170420075917760,3,-0.230530,0.490997,-0.237457,
20170420075917784,3,-0.213409,0.448257,-0.250900,
20170420075917800,3,-0.185318,0.410370,-0.224045,
20170420075917841,3,-0.192642,0.289429,-0.178833,
20170420075917853,3,-0.253738,0.196564,-0.138519,
20170420075917859,3,-0.318481,0.152588,-0.106750,
20170420075917876,3,-0.338028,0.125702,-0.096985,
20170420075917895,3,-0.313599,0.112259,-0.100632,
20170420075917917,3,-0.285507,0.071945,-0.085983,
20170420075917936,3,-0.290390,0.026749,-0.066422,
20170420075917957,3,-0.309921,-0.040436,-0.017578,
20170420075917976,3,-0.351471,-0.105179,0.033737,
20170420075917993,3,-0.402771,-0.125946,0.072830,
20170420075918017,3,-0.419891,-0.088074,0.080154,
20170420075918033,3,-0.423538,-0.075851,0.077713,
20170420075918053,3,-0.441864,-0.150375,0.076492,
20170420075918072,3,-0.463867,-0.254242,0.074051,
20170420075918093,3,-0.477310,-0.298218,0.086273,
20170420075918120,3,-0.469986,-0.323868,0.113144,
20170420075918131,3,-0.445541,-0.301880,0.121689,
20170420075918155,3,-0.423538,-0.299438,0.113144,
20170420075918171,3,-0.421097,-0.383743,0.110687,
20170420075918192,3,-0.428436,-0.477814,0.114365,
20170420075918216,3,-0.432098,-0.474136,0.107040,
20170420075918230,3,-0.397888,-0.395950,0.094818,
20170420075918254,3,-0.330688,-0.306763,0.087479,
20170420075918269,3,-0.284271,-0.309219,0.096039,
20170420075918291,3,-0.285507,-0.381287,0.100922,
20170420075918314,3,-0.291595,-0.455811,0.072830,
20170420075918330,3,-0.269623,-0.521790,0.061829,
20170420075918353,3,-0.214645,-0.432602,0.076492,
20170420075918369,3,-0.141327,-0.333649,0.075272,
20170420075918396,3,-0.099792,-0.303101,0.067947,
20170420075918408,3,-0.107117,-0.404511,0.069153,
20170420075918427,3,-0.164551,-0.512024,0.088715,
20170420075918450,3,-0.220734,-0.537674,0.091156,
20170420075918466,3,-0.203644,-0.453369,0.066711,
20170420075918494,3,-0.159653,-0.347076,0.052063,
20170420075918511,3,-0.144989,-0.283554,0.049622,
20170420075918526,3,-0.169434,-0.372742,0.071610,
20170420075918549,3,-0.241501,-0.497345,0.088715,
20170420075918564,3,-0.275711,-0.564545,0.087479,
20170420075918585,3,-0.257385,-0.524231,0.081375,
20170420075918608,3,-0.243942,-0.402069,0.088715,
20170420075918626,3,-0.239059,-0.293335,0.085037,
20170420075918643,3,-0.239059,-0.294540,0.089920,
20170420075918663,3,-0.252502,-0.395950,0.087479,
20170420075918686,3,-0.259827,-0.444809,0.065491,
20170420075918708,3,-0.215851,-0.373962,0.045944,
20170420075918725,3,-0.135223,-0.267685,0.030075,
20170420075918743,3,-0.047256,-0.183380,0.004410,
20170420075918764,3,0.033356,-0.125946,-0.024902,
20170420075918787,3,0.126205,-0.141830,-0.061539,
20170420075918802,3,0.231277,-0.180939,-0.103073,
20170420075918836,3,0.307022,-0.217590,-0.138519,
20170420075918860,3,0.353455,-0.244446,-0.156845,
20170420075918864,3,0.392548,-0.239563,-0.187378,
20170420075918878,3,0.432877,-0.171143,-0.191040,
20170420075918900,3,0.453644,-0.143051,-0.208160,
20170420075918924,3,0.447525,-0.179703,-0.221588,
20170420075918938,3,0.438965,-0.228561,-0.235016,
20170420075918957,3,0.448746,-0.279892,-0.249695,
20170420075918978,3,0.471970,-0.255447,-0.257019,
20170420075918999,3,0.511047,-0.189468,-0.276581,
20170420075919022,3,0.550140,-0.144272,-0.280228,
20170420075919041,3,0.533035,-0.124725,-0.263138,
20170420075919059,3,0.464615,-0.114960,-0.226486,
20170420075919078,3,0.402313,-0.089294,-0.204483,
20170420075919096,3,0.390106,-0.035553,-0.210602,
20170420075919122,3,0.427963,0.025528,-0.230133,
20170420075919137,3,0.478058,0.098831,-0.233810,
20170420075919159,3,0.474411,0.179474,-0.226486,
20170420075919177,3,0.425522,0.203888,-0.211807,
20170420075919194,3,0.376663,0.196564,-0.191040,
20170420075919214,3,0.333893,0.172119,-0.183716,
20170420075919233,3,0.288696,0.148911,-0.172714,
20170420075919252,3,0.212952,0.155029,-0.159287,
20170420075919276,3,0.148209,0.175797,-0.149506,
20170420075919294,3,0.102997,0.222214,-0.151947,
20170420075919312,3,0.051682,0.277191,-0.167831,
20170420075919331,3,0.028473,0.279648,-0.195923,
20170420075919356,3,0.028473,0.206329,-0.193481,
20170420075919373,3,-0.009399,0.179474,-0.177612,
20170420075919401,3,-0.070465,0.229568,-0.159287,
20170420075919429,3,-0.119339,0.296753,-0.151947,
20170420075919437,3,-0.129120,0.335846,-0.170273,
20170420075919451,3,-0.112015,0.362717,-0.205719,
20170420075919477,3,-0.093674,0.404251,-0.250900,
20170420075919493,3,-0.087585,0.447021,-0.249695,
20170420075919509,3,-0.125443,0.486115,-0.203262,
20170420075919531,3,-0.193863,0.552094,-0.144623,
20170420075919561,3,-0.239059,0.600967,-0.099426,
20170420075919568,3,-0.262268,0.538651,-0.074982,
20170420075919587,3,-0.298935,0.466583,-0.039581,
20170420075919607,3,-0.349030,0.506882,0.022736,
20170420075919629,3,-0.346573,0.599731,0.098480,
20170420075919652,3,-0.296478,0.489792,0.122925,
20170420075919673,3,-0.313599,0.266205,0.131454,
20170420075919690,3,-0.353912,0.068283,0.163223,
20170420075919705,3,-0.346573,-0.039200,0.192551,
20170420075919726,3,-0.307480,-0.033112,0.215759,
20170420075919752,3,-0.287949,0.057297,0.279297,
20170420075919765,3,-0.263504,0.015762,0.303726,
20170420075919789,3,-0.273270,-0.105179,0.303726,
20170420075919804,3,-0.322159,-0.235916,0.336716,
20170420075919824,3,-0.344131,-0.305542,0.368469,
20170420075919844,3,-0.338028,-0.282333,0.412476,
20170420075919862,3,-0.309921,-0.228561,0.434448,
20170420075919888,3,-0.279388,-0.199265,0.451569,
20170420075919903,3,-0.253738,-0.223679,0.480881,
20170420075919926,3,-0.241501,-0.240799,0.497986,
20170420075919945,3,-0.210968,-0.166260,0.461334,
20170420075919962,3,-0.142548,-0.056320,0.428360,
20170420075919994,3,-0.063141,0.021851,0.429565,
20170420075920002,3,-0.032623,0.122040,0.452774,
20170420075920020,3,-0.043610,0.117157,0.457672,
20170420075920039,3,-0.060699,0.009644,0.396591,
20170420075920061,3,-0.014297,-0.132050,0.264633,
20170420075920082,3,0.068787,-0.187027,0.131454,
20170420075920100,3,0.117645,-0.150375,0.061829,
20170420075920119,3,0.117645,-0.130844,-0.015137,
20170420075920140,3,0.109116,-0.144272,-0.096985,
20170420075920161,3,0.121323,-0.174820,-0.140961,
20170420075920179,3,0.134766,-0.108841,-0.189835,
20170420075920197,3,0.155533,-0.051437,-0.254578,
20170420075920221,3,0.172623,-0.031876,-0.305878,
20170420075920238,3,0.160416,-0.053879,-0.334000,
20170420075920259,3,0.126205,-0.138168,-0.357208,
20170420075920279,3,0.137207,-0.138168,-0.395081,
20170420075920297,3,0.220276,-0.099075,-0.442719,
20170420075920315,3,0.293579,-0.051437,-0.469589,
20170420075920337,3,0.305801,0.013321,-0.454941,
20170420075920357,3,0.285034,-0.001358,-0.461060,
20170420075920376,3,0.259369,-0.005005,-0.470825,
20170420075920405,3,0.247162,-0.001358,-0.447617,
20170420075920418,3,0.220276,0.057297,-0.399963,
20170420075920434,3,0.178741,0.129379,-0.338882,
20170420075920452,3,0.144531,0.167236,-0.307114,
20170420075920472,3,0.091995,0.136703,-0.305878,
20170420075920493,3,0.034576,0.056061,-0.293671,
20170420075920520,3,0.006470,0.027969,-0.296112,
20170420075920531,3,-0.002060,0.058517,-0.275345,
20170420075920555,3,-0.010620,0.130585,-0.247253,
20170420075920573,3,-0.025284,0.161148,-0.217926,
20170420075920594,3,-0.072906,0.092728,-0.178833,
20170420075920613,3,-0.144989,0.005966,-0.144623,
20170420075920631,3,-0.177979,-0.036758,-0.099426,
20170420075920653,3,-0.168213,-0.007446,-0.040787,
20170420075920671,3,-0.127884,0.084167,0.008072,
20170420075920690,3,-0.110794,0.177032,0.054504,
20170420075920710,3,-0.113235,0.168472,0.105804,
20170420075920730,3,-0.159653,0.080505,0.160782,
20170420075920756,3,-0.201202,0.029190,0.213318,
20170420075920769,3,-0.188980,0.047516,0.273193,
20170420075920793,3,-0.151108,0.049957,0.331833,
20170420075920828,3,-0.135223,0.007202,0.367264,
20170420075920847,3,-0.173096,-0.042877,0.400238,
20170420075920856,3,-0.198761,0.049957,0.428360,
20170420075920866,3,-0.179199,0.053619,0.413681,
20170420075920885,3,-0.103455,-0.072205,0.348938,
20170420075920909,3,-0.064377,-0.112518,0.369705,
20170420075920926,3,-0.077805,0.024307,0.430801,
20170420075920944,3,-0.088791,0.131821,0.462570,
20170420075920969,3,-0.059464,0.124481,0.428360,
20170420075920990,3,0.004028,0.111053,0.333054,
20170420075921005,3,0.102997,0.124481,0.170578,
20170420075921023,3,0.159180,0.137924,0.052063,
20170420075921046,3,0.068787,0.078064,-0.016357,
20170420075921062,3,-0.043610,0.047516,-0.048111,
20170420075921092,3,-0.052139,0.019409,-0.084747,
20170420075921104,3,-0.037506,-0.088074,-0.117752,
20170420075921128,3,-0.105911,-0.134506,-0.115311,
20170420075921145,3,-0.214645,-0.061203,-0.096985,
20170420075921163,3,-0.198761,-0.029434,-0.160507,
20170420075921184,3,-0.160873,-0.055084,-0.270462,
20170420075921201,3,-0.049698,-0.129608,-0.373093,
20170420075921223,3,0.059021,-0.074646,-0.443939,
20170420075921253,3,0.078552,-0.011108,-0.431732,
20170420075921264,3,0.033356,0.036530,-0.462265,
20170420075921287,3,0.156738,-0.224915,-0.711502,
20170420075921299,3,0.366898,-0.502243,-0.949738,
20170420075921321,3,0.371780,-0.525467,-0.970505,
20170420075921342,3,0.387665,-0.415497,-0.979065,
20170420075921358,3,0.360779,-0.326309,-0.974182,
20170420075921391,3,0.214188,-0.183380,-0.853226,
20170420075921405,3,0.098114,0.013321,-0.679733,
20170420075921418,3,0.129883,0.120819,-0.586884,
20170420075921436,3,0.233719,0.030411,-0.618652,
20170420075921455,3,0.310684,-0.062424,-0.673630,
20170420075921476,3,0.252045,-0.068527,-0.601547,
20170420075921496,3,0.116440,0.007202,-0.391403,
20170420075921517,3,-0.038712,0.080505,-0.211807,
20170420075921537,3,-0.077805,0.090271,-0.103073,
20170420075921557,3,-0.020386,0.095169,-0.028580,
20170420075921574,3,0.083450,0.139145,0.037399,
20170420075921598,3,0.081009,0.133026,0.099716,
20170420075921619,3,-0.009399,0.074387,0.188904,
20170420075921637,3,-0.046051,0.034088,0.220657,
20170420075921656,3,-0.103455,-0.031876,0.153458,
20170420075921674,3,-0.152328,0.007202,0.125366,
20170420075921694,3,-0.064377,0.070724,0.113144,
20170420075921719,3,-0.035065,0.014526,0.111923,
20170420075921732,3,-0.074142,-0.022110,0.116806,
20170420075921754,3,-0.065582,-0.088074,0.119247,
20170420075921771,3,-0.016739,-0.123505,0.071610,
20170420075921791,3,0.038239,-0.001358,0.065491,
20170420075921852,3,0.089554,0.141586,0.099716,
20170420075921857,3,0.134766,0.290634,0.176666,
20170420075921861,3,0.138412,0.456787,0.300064,
20170420075921868,3,0.100555,0.574081,0.429565,
20170420075921888,3,0.061462,0.585083,0.513870,
20170420075921909,3,0.050461,0.381042,0.511429,
20170420075921928,3,0.072449,0.027969,0.407593,
20170420075921954,3,0.146973,-0.168701,0.284180,
20170420075921968,3,0.154297,-0.168701,0.325729,
20170420075921988,3,0.079788,-0.107620,0.410034,
20170420075922009,3,0.059021,-0.036758,0.477219,
20170420075922029,3,0.061462,0.103714,0.611603,
20170420075922054,3,0.068787,0.119598,0.700790,
20170420075922069,3,0.070007,0.172119,0.766769,
20170420075922089,3,0.068787,0.211243,0.767990,
20170420075922106,3,0.011368,0.104935,0.728897,
20170420075922132,3,-0.088791,0.026749,0.689789,
20170420075922149,3,-0.125443,-0.154053,0.615280,
20170420075922165,3,-0.171875,-0.382507,0.528534,
20170420075922188,3,-0.191422,-0.448486,0.501648,
20170420075922207,3,-0.137665,-0.383743,0.488220,
20170420075922224,3,-0.063141,-0.339752,0.466217,
20170420075922246,3,-0.116898,-0.339752,0.424683,
20170420075922266,3,-0.179199,-0.285995,0.256088,
20170420075922285,3,-0.217087,-0.326309,0.100922,
20170420075922303,3,-0.240295,-0.193146,0.017853,
20170420075922322,3,-0.298935,-0.022110,-0.079865,
20170420075922347,3,-0.397888,0.038971,-0.170273,
20170420075922364,3,-0.583588,-0.033112,-0.128738,
20170420075922394,3,-0.727768,-0.011108,-0.142181,
20170420075922403,3,-0.656906,0.026749,-0.208160,
20170420075922421,3,-0.550613,0.194122,-0.180054,
20170420075922441,3,-0.559174,0.306519,-0.067657,
20170420075922463,3,-0.542053,-0.125946,0.289078,
20170420075922485,3,-0.347809,-0.751480,0.484543,
20170420075922500,3,-0.212189,-1.214508,0.524872,
20170420075922518,3,-0.116898,-1.116760,0.424683,
20170420075922546,3,-0.047256,-0.709946,0.302505,
20170420075922560,3,0.021149,-0.430161,0.108246,
20170420075922578,3,0.045578,-0.270126,-0.214249,
20170420075922600,3,0.027252,-0.218796,-0.496475,
20170420075922616,3,0.138412,-0.273773,-0.673630,
20170420075922638,3,0.368103,-0.213913,-0.762817,
20170420075922656,3,0.512268,0.065842,-0.657745,
20170420075922676,3,0.528152,0.341949,-0.388962,
20170420075922695,3,0.512268,0.428696,-0.071320,
20170420075922719,3,0.382782,0.334625,0.269531,
20170420075922735,3,0.165298,0.075623,0.633606,
20170420075922756,3,-0.031387,-0.239563,0.854736,
20170420075922775,3,-0.263504,-0.376404,0.890152,
20170420075922797,3,-0.435776,-0.365402,0.694687,
20170420075922820,3,-0.450424,-0.221237,0.304962,
20170420075922838,3,-0.338028,0.085388,-0.197159,
20170420075922858,3,-0.147446,0.306519,-0.606430,
20170420075922872,3,0.004028,0.310196,-0.873993,
20170420075922893,3,0.101776,0.241776,-1.120773,
20170420075922918,3,0.166534,0.216125,-1.366348,
20170420075922932,3,0.201950,0.126938,-1.385895,
20170420075922954,3,0.265488,0.040176,-1.056030,
20170420075922975,3,0.305801,0.079285,-0.483032,
20170420075922990,3,0.287476,0.156250,0.251205,
20170420075923016,3,0.233719,0.036530,1.073425,
20170420075923033,3,0.100555,-0.536453,1.942078,
20170420075923050,3,-0.077805,-1.473526,2.638443,
20170420075923068,3,-0.219528,-1.970764,2.513840,
20170420075923092,3,-0.367355,-1.496735,1.282333,
20170420075923113,3,-0.567703,-0.141830,-0.415848,
20170420075923132,3,-0.611694,1.217926,-1.885590,
20170420075923150,3,-0.402771,1.837341,-2.738358,
20170420075923169,3,-0.093674,1.550232,-2.801880,
20170420075923190,3,0.157974,0.591186,-1.941772,
20170420075923208,3,0.282593,-0.178482,-0.556335,
20170420075923230,3,0.354660,-0.360519,0.893829,
20170420075923248,3,0.383987,-0.606094,2.193741,
20170420075923270,3,0.435318,-1.128983,3.334839,
20170420075923296,3,0.338791,-1.830261,3.891937,
20170420075923306,3,0.094437,-2.169891,3.184570,
20170420075923326,3,-0.234177,-1.589584,1.318985,
20170420075923349,3,-0.717972,-0.146729,-0.897202,
20170420075923382,3,-0.931778,1.595444,-2.677261,
20170420075923392,3,-0.736298,2.577713,-3.372421,
20170420075923414,3,-0.451660,2.333374,-2.848297,
20170420075923423,3,-0.305038,1.153183,-1.478744,
20170420075923442,3,-0.226852,0.169678,-0.072540,
20170420075923464,3,-0.154770,-0.245682,1.045319,
20170420075923487,3,-0.129120,-0.586533,1.986053,
20170420075923503,3,-0.119339,-1.075226,2.573700,
20170420075923522,3,-0.127884,-1.440521,2.126556,
20170420075923544,3,0.128647,-0.821106,1.117401,
20170420075923561,3,0.168976,-0.279892,-0.203262,
20170420075923583,3,-0.213409,0.205124,-1.398117,
20170420075923600,3,-0.678879,0.907608,-2.373047,
20170420075923622,3,-0.724091,1.506256,-2.913040,
20170420075923641,3,-0.516403,1.352310,-2.507431,
20170420075923661,3,-0.350250,0.708481,-1.153763,
20170420075923680,3,-0.113235,0.021851,0.551743,
20170420075923698,3,0.176300,-1.127762,2.141205,
20170420075923719,3,0.501282,-2.339722,3.331161,
20170420075923739,3,0.880020,-2.829636,3.448456,
20170420075923758,3,1.330841,-2.345825,2.356216,
20170420075923783,3,1.455444,-1.158295,0.638489,
20170420075923797,3,1.025406,0.119598,-0.976624,
20170420075923828,3,0.601471,1.085983,-2.225235,
20170420075923837,3,0.474411,1.534363,-2.932602,
20170420075923860,3,0.535492,1.450058,-2.790878,
20170420075923882,3,0.514710,1.287567,-1.681549,
20170420075923895,3,0.304581,1.013901,-0.007813,
20170420075923922,3,0.050461,0.279648,1.711151,
20170420075923941,3,-0.119339,-0.543777,2.949997,
20170420075923954,3,-0.316040,-1.249939,3.486328,
20170420075923979,3,-0.357574,-1.737396,3.072174,
20170420075923994,3,-0.105911,-1.582245,1.609757,
20170420075924018,3,-0.030182,-0.816223,-0.137283,
20170420075924033,3,-0.190201,0.079285,-1.622910,
20170420075924053,3,-0.230530,1.028565,-2.955811,
20170420075924080,3,-0.201202,1.712723,-3.831787,
20170420075924097,3,-0.202408,1.999832,-3.633881,
20170420075924126,3,-0.196320,1.960739,-2.062729,
20170420075924132,3,-0.048492,1.280243,0.124130,
20170420075924151,3,0.244720,0.244217,2.194961,
20170420075924171,3,0.484177,-0.992142,3.849167,
20170420075924190,3,0.397430,-2.366592,4.850998,
20170420075924210,3,0.314362,-2.989685,4.023880,
20170420075924233,3,0.689423,-1.807037,1.366623,
20170420075924251,3,0.509827,0.016968,-1.313812,
20170420075924272,3,-0.038712,1.610092,-3.288132,
20170420075924293,3,-0.235413,2.679108,-4.608795,
20170420075924309,3,-0.192642,2.756088,-4.866577,
20170420075924329,3,-0.259827,2.217300,-3.275894,
20170420075924348,3,-0.444305,1.258255,-0.644302,
20170420075924367,3,-0.456543,-0.064865,1.705063,
20170420075924399,3,-0.290390,-1.260925,3.305512,
20170420075924414,3,-0.186523,-2.189453,4.041000,
20170420075924430,3,-0.171875,-2.243195,3.256653,
20170420075924447,3,0.059021,-1.260925,0.958572,
20170420075924465,3,-0.053375,-0.070969,-1.429886,
20170420075924487,3,-0.427216,1.180069,-3.206268,
20170420075924509,3,-0.399109,2.553268,-4.589264,
20170420075924527,3,-0.176758,3.021195,-5.026642,
20170420075924550,3,-0.179199,2.586273,-3.247803,
20170420075924565,3,-0.333145,0.950378,0.014191,
20170420075924585,3,-0.298935,-0.928635,2.941437,
20170420075924610,3,-0.286713,-2.212662,4.720276,
20170420075924625,3,-0.375900,-3.051987,5.355560,
20170420075924644,3,-0.241501,-2.995773,3.895615,
20170420075924663,3,0.261826,-1.216949,0.735001,
20170420075924690,3,-0.030182,0.868515,-2.114044,
20170420075924702,3,-0.465073,2.547165,-4.035812,
20170420075924725,3,-0.412552,3.353500,-5.212341,
20170420075924745,3,-0.177979,2.894150,-4.794510,
20170420075924762,3,-0.323364,1.600327,-1.919800,
20170420075924784,3,-0.639801,-0.570663,1.507126,
20170420075924804,3,-0.507843,-2.211426,3.692795,
20170420075924826,3,-0.258621,-2.637802,4.537003,
20170420075924858,3,-0.175537,-2.485092,3.646378,
20170420075924866,3,0.159180,-1.180298,0.997665,
20170420075924887,3,0.264267,0.542313,-1.672989,
20170420075924900,3,-0.009399,1.817795,-3.382187,
20170420075924918,3,-0.006958,2.492188,-4.434113,
20170420075924943,3,0.139648,2.271057,-4.448761,
20170420075924963,3,-0.005737,1.578339,-2.354721,
20170420075924983,3,-0.316040,0.076843,0.615280,
20170420075924998,3,-0.077805,-1.407547,2.836365,
20170420075925022,3,0.206833,-2.217545,4.067856,
20170420075925040,3,0.111557,-2.748993,4.352524,
20170420075925057,3,0.077347,-2.566956,2.829041,
20170420075925077,3,0.360779,-1.103333,-0.042023,
20170420075925096,3,0.033356,0.648605,-2.579529,
20170420075925120,3,-0.284271,2.246612,-4.270386,
20170420075925137,3,-0.063141,3.167816,-5.052292,
20170420075925157,3,0.331451,2.935684,-3.465286,
20170420075925175,3,0.275253,0.775665,0.143692,
20170420075925198,3,0.184860,-2.219986,3.608505,
20170420075925217,3,0.292358,-3.979279,5.571808,
20170420075925233,3,0.398666,-4.392212,5.272492,
20170420075925252,3,0.600235,-2.819855,2.262161,
20170420075925273,3,0.427963,-0.267685,-1.565491,
20170420075925296,3,-0.418655,2.377350,-4.711426,
20170420075925318,3,-0.598251,4.432282,-6.668640,
20170420075925332,3,0.005264,4.110962,-5.845200,
20170420075925354,3,0.270370,1.729843,-1.608246,
20170420075925372,3,-0.046051,-1.306137,2.664108,
20170420075925399,3,-0.279388,-2.899262,5.002487,
20170420075925410,3,-0.109558,-3.100861,5.434982,
20170420075925429,3,0.084671,-2.691574,3.819870,
20170420075925451,3,0.517166,-1.044678,0.830292,
20170420075925495,3,0.453644,0.908844,-2.055405,
20170420075925503,3,0.145767,2.622925,-4.085907,
20170420075925531,3,0.291138,3.197128,-5.015640,
20170420075925536,3,0.654007,2.570389,-3.898987,
20170420075925548,3,0.298477,1.465942,-0.859329,
20170420075925568,3,-0.295273,-0.281097,2.322022,
20170420075925587,3,-0.611694,-1.912109,4.495468,
20170420075925611,3,-0.900024,-2.698898,5.259048,
20170420075925628,3,-1.079620,-2.404465,3.752655,
20170420075925656,3,-0.561615,-0.329987,0.273193,
20170420075925682,3,-0.570160,1.789703,-2.776215,
20170420075925688,3,-0.705765,3.293640,-4.603912,
20170420075925705,3,-0.160873,3.735901,-5.467682,
20170420075925727,3,0.639328,2.874588,-4.118881,
20170420075925755,3,0.610001,1.200836,-0.749374,
20170420075925765,3,0.182419,-0.867538,2.488174,
20170420075925785,3,-0.203644,-2.228546,4.394074,
20170420075925804,3,-0.759537,-3.028763,5.047684,
20170420075925827,3,-1.187119,-2.651245,3.718460,
20170420075925842,3,-0.869476,-0.703827,0.359940,
20170420075925864,3,-0.846268,1.421967,-2.784775,
20170420075925881,3,-0.974548,3.131165,-4.757858,
20170420075925902,3,-0.367355,3.820206,-5.625275,
20170420075925928,3,0.541595,2.446976,-3.718185,
20170420075925941,3,0.485397,-0.172379,0.285400,
20170420075925960,3,0.175064,-2.295731,3.345841,
20170420075925980,3,0.182419,-3.075195,4.595657,
20170420075926006,3,0.088333,-2.984787,4.550446,
20170420075926019,3,-0.072906,-2.185776,3.069733,
20170420075926042,3,0.133530,-0.602417,0.063049,
20170420075926059,3,0.043137,1.085983,-2.742004,
20170420075926081,3,-0.153549,2.707214,-4.744415,
20170420075926107,3,0.265488,3.566086,-5.736466,
20170420075926120,3,0.732193,2.829376,-3.853775,
20170420075926138,3,0.572144,0.553314,0.193787,
20170420075926157,3,0.346115,-1.937759,3.630493,
20170420075926176,3,0.078552,-3.152161,5.334793,
20170420075926198,3,-0.290390,-3.293884,5.469177,
20170420075926216,3,-0.518845,-2.053833,3.681808,
20170420075926236,3,-0.240295,-0.160156,0.537079,
20170420075926256,3,-0.366135,1.294907,-1.833038,
20170420075926276,3,-0.449203,2.222199,-3.058441,
20170420075926297,3,-0.079025,2.142777,-3.391968,
20170420075926317,3,0.178741,1.192276,-2.616165,
20170420075926335,3,-0.049698,0.410370,-0.838562,
20170420075926354,3,-0.399109,-0.360519,0.815643,
20170420075926374,3,-0.480957,-0.931076,1.560898,
20170420075926394,3,-0.725327,-0.957932,1.709946,
20170420075926420,3,-1.056412,-0.480255,1.543778,
20170420075926442,3,-1.130936,0.087830,1.140610,
20170420075926470,3,-0.893921,0.387161,0.642136,
20170420075926478,3,-0.533493,0.429901,0.301285,
20170420075926491,3,-0.177979,0.434814,0.142456,
20170420075926517,3,0.145767,0.387161,0.061829,
20170420075926531,3,0.316803,0.323624,-0.004135,
20170420075926552,3,0.209274,0.228333,-0.024902,
20170420075926574,3,-0.019180,0.118378,-0.007813,
20170420075926591,3,-0.135223,0.002319,0.037399,
20170420075926621,3,-0.080246,-0.008682,0.060608,
20170420075926630,3,0.011368,-0.026993,0.085037,
20170420075926649,3,0.094437,-0.112518,0.146133,
20170420075926681,3,0.177536,-0.201706,0.171783,
20170420075926700,3,0.241043,-0.265228,0.133926,
20170420075926731,3,0.272812,-0.204147,0.055725,
20170420075926760,3,0.296036,-0.083191,0.009308,
20170420075926788,3,0.289917,-0.116180,0.066711,
20170420075926817,3,0.275253,-0.336090,0.133926,
20170420075926821,3,0.214188,-0.454605,0.088715,
20170420075926840,3,-0.065582,-0.235916,-0.239929,
20170420075926851,3,-0.241501,-0.011108,-0.446381,
20170420075926860,3,0.060242,-0.155273,-0.211807,
20170420075926867,3,0.242279,-0.277451,-0.045670,
20170420075926885,3,0.372986,-0.372742,-0.087204,
20170420075926908,3,0.525711,-0.376404,-0.118958,
20170420075926927,3,0.733398,-0.546234,-0.054214,
20170420075926969,3,1.029068,-0.690384,0.061829,
20170420075926974,3,1.464004,-0.563324,0.115585,
20170420075926991,3,1.861053,-0.432602,0.163223,
20170420075927007,3,2.049210,-0.557220,0.197433,
20170420075927024,3,2.131073,-0.700150,0.166901,
20170420075927043,3,2.019882,-0.553558,0.021515,
20170420075927063,3,1.256302,-0.015991,-0.139740,
20170420075927081,3,-0.416214,0.710922,-0.194717,
20170420075927106,3,-2.561569,1.172714,-0.181274,
20170420075927131,3,-4.226791,1.112854,-0.230133,
20170420075927151,3,-4.917069,0.892960,-0.275345,
20170420075927160,3,-4.544434,0.490997,-0.046906,
20170420075927181,3,-2.842560,0.005966,0.267090,
20170420075927200,3,-0.308716,-0.527908,0.455215,
20170420075927219,3,2.112747,-0.847992,0.593277,
20170420075927240,3,4.091934,-0.885864,0.411240,
20170420075927258,3,5.168274,-0.514465,-0.178833,
20170420075927284,3,4.231201,0.286972,-0.639420,
20170420075927300,3,1.343048,0.859955,-0.745697,
20170420075927318,3,-2.066772,1.132416,-0.727371,
20170420075927341,3,-4.541992,1.028565,-0.600327,
20170420075927357,3,-5.499817,0.657150,-0.371857,
20170420075927408,3,-5.042892,0.294312,0.225555,
20170420075927412,3,-2.815689,0.180679,0.917038,
20170420075927423,3,0.535492,-0.155273,1.000122,
20170420075927439,3,3.738846,-0.586533,0.731339,
20170420075927455,3,5.937958,-0.816223,0.223099,
20170420075927482,3,6.167648,-0.476578,-0.461060,
20170420075927495,3,3.875687,0.167236,-0.759140,
20170420075927519,3,0.156738,0.434814,-0.654083,
20170420075927544,3,-3.301941,0.765900,-0.682190,
20170420075927556,3,-5.485153,0.746338,-0.656525,
20170420075927574,3,-6.324478,0.560638,-0.307114,
20170420075927595,3,-5.077103,0.448257,0.421005,
20170420075927618,3,-1.696594,-0.178482,0.848618,
20170420075927633,3,2.275223,-1.021469,0.694687,
20170420075927654,3,5.371079,-1.344009,0.528534,
20170420075927675,3,7.005737,-1.144867,0.186462,
20170420075927692,3,6.245834,-0.597534,-0.134842,
20170420075927719,3,3.296585,-0.111282,-0.252136,
20170420075927731,3,-0.502960,0.255219,-0.446381,
20170420075927754,3,-3.898148,0.658386,-0.702957,
20170420075927773,3,-6.455200,0.873398,-0.789703,
20170420075927790,3,-7.322632,0.721924,-0.457382,
20170420075927832,3,-5.602432,0.432373,0.171783,
20170420075927837,3,-1.961700,-0.116180,0.615280,
20170420075927858,3,1.988113,-0.752686,0.748444,
20170420075927870,3,5.181702,-1.141205,0.692230,
20170420075927891,3,7.578735,-1.408752,0.336716,
20170420075927918,3,8.160278,-1.153412,-0.089645,
20170420075927933,3,5.940399,-0.768570,-0.198380,
20170420075927948,3,2.000336,-0.378845,-0.280228,
20170420075927967,3,-1.977585,0.095169,-0.673630,
20170420075927992,3,-5.394745,0.481232,-0.865448,
20170420075928007,3,-7.935944,1.040772,-0.757935,
20170420075928027,3,-8.216934,1.094528,-0.451263,
20170420075928050,3,-5.617111,0.395706,0.248764,
20170420075928069,3,-1.101608,-0.290894,0.622604,
20170420075928093,3,3.307587,-1.126541,0.612839,
20170420075928104,3,6.509735,-1.687302,0.500427,
20170420075928131,3,8.160278,-1.607910,0.157135,
20170420075928158,3,7.024063,-0.860214,-0.161728,
20170420075928166,3,3.393097,-0.243240,-0.473267,
20170420075928190,3,-1.102829,0.326065,-0.848328,
20170420075928204,3,-5.111313,0.840424,-1.015717,
20170420075928224,3,-7.891968,1.048111,-0.772583,
20170420075928254,3,-8.144867,0.862396,-0.082306,
20170420075928265,3,-5.537689,0.416489,0.672699,
20170420075928284,3,-1.215240,-0.127167,0.860825,
20170420075928303,3,2.743149,-0.840652,0.819290,
20170420075928323,3,5.803574,-1.336685,0.754547,
20170420075928349,3,7.935471,-1.568802,0.153458,
20170420075928362,3,7.411362,-0.955490,-0.467148,
20170420075928384,3,3.836594,-0.337311,-0.673630,
20170420075928400,3,-0.919571,0.232010,-0.910645,
20170420075928434,3,-4.995254,0.702362,-1.009598,
20170420075928439,3,-7.861404,0.955261,-0.688278,
20170420075928460,3,-8.302460,0.943054,-0.040787,
20170420075928486,3,-5.806473,0.429901,0.771652,
20170420075928500,3,-1.314194,-0.218796,1.111282,
20170420075928518,3,3.025360,-0.876099,0.951248,
20170420075928538,3,6.400986,-1.367218,0.625046,
20170420075928557,3,8.591553,-1.519943,-0.009018,
20170420075928582,3,7.748550,-0.862656,-0.326660,
20170420075928597,3,4.016190,-0.395950,-0.296112,
20170420075928618,3,-0.634903,0.112259,-0.603989,
20170420075928639,3,-4.479691,0.657150,-0.781143,
20170420075928664,3,-7.504669,1.032227,-0.485474,
20170420075928684,3,-8.413635,1.324219,-0.012695,
20170420075928697,3,-6.224304,0.741455,0.592072,
20170420075928717,3,-1.878632,-0.024551,0.903595,
20170420075928737,3,2.608749,-0.791794,0.682465,
20170420075928756,3,5.999054,-1.347671,0.345261,
20170420075928782,3,8.154160,-1.577362,-0.116516,
20170420075928796,3,7.765671,-1.171738,-0.246017,
20170420075928816,3,4.446228,-0.552322,-0.092087,
20170420075928838,3,-0.153549,0.139145,-0.346207,
20170420075928854,3,-4.339172,0.811096,-0.490356,
20170420075928873,3,-7.939606,1.412170,-0.424393,
20170420075928893,3,-9.285934,2.019379,-0.430496,
20170420075928915,3,-6.969559,1.078644,-0.051788,
20170420075928934,3,-2.173065,-0.198029,0.269531,
20170420075928951,3,2.404739,-1.193741,0.363586,
20170420075928974,3,5.683838,-1.395309,0.433243,
20170420075928996,3,7.957474,-1.478409,0.432007,
20170420075929010,3,7.845062,-1.125320,0.367264,
20170420075929030,3,4.650269,-0.285995,0.251205,
20170420075929050,3,-0.048492,0.486115,-0.279022,
20170420075929071,3,-4.319641,1.156830,-0.765259,
20170420075929089,3,-7.603622,1.439056,-1.196518,
20170420075929122,3,-8.737396,1.386520,-0.957062,
20170420075929131,3,-6.401459,0.653503,-0.065216,
20170420075929152,3,-1.727127,-0.167496,0.516312,
20170420075929169,3,2.818878,-1.011704,0.683701,
20170420075929187,3,6.023468,-1.302475,0.783875,
20170420075929206,3,7.992889,-1.441757,0.590836,
20170420075929227,3,7.338058,-0.964050,0.188904,
20170420075929249,3,3.707092,-0.135727,-0.169052,
20170420075929267,3,-1.014877,0.653503,-0.794586,
20170420075929285,3,-5.051453,1.051773,-1.268616,
20170420075929318,3,-7.738022,0.902725,-1.238052,
20170420075929338,3,-7.432587,0.510559,-0.272903,
20170420075929350,3,-3.750320,-0.074646,0.601837,
20170420075929364,3,1.613037,-0.746597,0.841293,
20170420075929387,3,6.025909,-1.070343,0.816849,
20170420075929410,3,8.646515,-1.115555,0.347702,
20170420075929428,3,7.870728,-0.505905,-0.289993,
20170420075929451,3,3.397980,0.087830,-0.634537,
20170420075929476,3,-1.987351,0.589966,-1.065811,
20170420075929483,3,-6.144882,0.721924,-1.295502,
20170420075929503,3,-8.114304,0.489792,-0.828796,
20170420075929526,3,-6.796066,0.371277,0.015411,
20170420075929542,3,-2.625092,-0.122284,0.576187,
20170420075929562,3,2.266663,-0.797897,0.824188,
20170420075929580,3,5.992935,-0.954285,0.907272,
20170420075929600,3,8.053986,-0.862656,0.626282,
20170420075929620,3,6.762634,-0.397171,0.093597,
20170420075929643,3,2.274002,0.003525,-0.338882,
20170420075929664,3,-2.758255,0.396927,-0.972946,
20170420075929684,3,-6.694656,0.407928,-1.341919,
20170420075929698,3,-8.522354,0.345612,-0.964386,
20170420075929718,3,-6.453995,0.258865,-0.051788,
20170420075929742,3,-1.431473,-0.259125,0.684906,
20170420075929757,3,3.940430,-0.790573,1.026993,
20170420075929782,3,7.796204,-1.003143,1.051422,
20170420075929797,3,9.074127,-0.854095,0.578629,
