0
33.3333
66.6667
100
133.333
166.667
200
233.333
266.667
300
333.333
366.667
400
433.333
466.667
500
533.333
566.656
599.989
633.322
666.656
699.989
733.322
766.656
799.989
833.322
866.656
899.989
933.322
966.656
999.989
1033.32
1066.66
1099.99
1133.32
1166.66
1199.99
1233.32
1266.66
1299.99
1333.32
1366.66
1399.99
1433.32
1466.66
1499.99
1533.32
1566.66
1599.99
1633.32
1666.66
1699.98
1733.31
1766.64
1799.98
1833.31
1866.64
1899.98
1933.31
1966.64
1999.98
2033.31
2066.64
2099.98
2133.31
2166.64
2199.98
2233.31
2266.64
2299.98
2333.31
2366.64
2399.98
2433.31
2466.64
2499.98
2533.31
2566.64
2599.98
2633.31
2666.64
2699.98
2733.31
2766.64
2799.97
2833.3
2866.63
2899.97
2933.3
2966.63
2999.97
3033.3
3066.63
3099.97
3133.3
3166.63
3199.97
3233.3
3266.63
3299.97
3333.3
3366.63
3399.97
3433.3
3466.63
3499.97
3533.3
3566.63
3599.97
3633.3
3666.63
3699.97
3733.3
3766.63
3799.97
3833.3
3866.63
3899.96
3933.29
3966.62
3999.96
4033.29
4066.62
4099.96
4133.29
4166.62
4199.96
4233.29
4266.62
4299.96
4333.29
4366.62
4399.96
4433.29
4466.62
4499.96
4533.29
4566.62
4599.96
4633.29
4666.62
4699.96
4733.29
4766.62
4799.96
4833.29
4866.62
4899.96
4933.29
4966.62
4999.96
5033.28
5066.61
5099.94
5133.28
5166.61
5199.94
5233.28
5266.61
5299.94
5333.28
5366.61
5399.94
5433.28
5466.61
5499.94
5533.28
5566.61
5599.94
5633.28
5666.61
5699.94
5733.28
