0
10.8444
44.1667
77.4778
110.789
144.1
177.433
210.744
244.156
278.278
310.922
344.122
377.333
410.689
443.956
477.289
510.6
543.922
577.222
610.544
643.856
677.178
710.5
743.878
777.144
810.656
843.756
877.078
910.389
944.011
977.022
1010.36
1043.78
1076.98
1110.29
1143.61
1176.93
1210.23
1243.61
1276.86
1310.19
1343.48
1377.14
1410.12
1443.44
1476.77
1510.12
1543.41
1576.84
1610.07
1643.34
1676.73
1709.97
1743.3
1776.61
1810.61
1843.27
1876.62
1909.89
1943.19
1976.49
2009.79
2043.09
2076.41
2109.72
2143.07
2176.36
2209.68
2242.99
2277.18
2309.67
2342.93
2376.31
2409.63
2444.36
2476.21
2509.52
2542.87
2576.21
2609.51
2642.8
2676.12
2709.43
2742.74
2776.97
2809.39
2842.7
2876.03
2909.32
2942.66
2975.99
3009.29
3042.64
3075.94
3110.34
3142.8
3175.88
3209.19
3242.53
3275.84
3310.33
3342.64
3375.8
3409.09
3443.37
3475.73
3509.04
3542.36
3575.67
4375.46
4410.5
4441.92
4475.56
4508.6
4541.87
4575.14
4608.51
4641.79
4675.12
4708.62
4741.72
4775.07
4808.41
4841.71
4875.02
4908.33
4944.02
4974.98
5008.31
5041.58
5074.9
5108.23
5141.53
5174.84
5208.17
5241.52
5274.8
5308.13
5341.46
5374.8
5408.12
5441.39
5474.71
5508.02
5541.37
5574.67
5607.99
5641.28
5674.89
5707.91
5741.2
5774.49
5807.89
5841.18
5874.49
5907.81
5941.18
5974.56
6007.78
6041.08
6074.38
6107.79
6141.01
6175.9
6207.63
6241.01
6275.72
6307.62
6340.9
6374.21
6407.54
6441.69
6474.34
6507.56
6540.82
6574.12
6607.44
6640.76
